6040063
5963761
5933439
5899176
5606918
5500206
4255143

5975980
5926874
5847001
5743931
5640059
5550904

6054846
5954312
5915910
5893348

5694299
5499925
4292839

6290655
6290639
5878683

6315100
6059929

5732409
5505208

5871476
5632102

6323472
6323375

5984394
4157893

5974402
4255240

5995256

5995442

5964768

4228316

5758173

5825083

5671833

5942705

5874777

5723493

5630177

6009107

6007724

5972868

5495792

5907985

5954878

5987857

6014542

5943272

5553865

6229077

6323367

5878713

4257383

3921387

5931126

4020332

4132955

5938600

5910137

4240537

5960134

5744652

5978610

6323499

4302907

5887585

5753864

5964962

4300645

5730015

5988179

5659507

4132998

5845866

5721156

5715938

5982065

4019768

5956935

6303013

5911486

5960703

6329616

4166647

5989973

5858348

5850983

5750865

5981778

6310621

5897548

6318908

5533988

