6329616
6323499
6323472
6323375
6323367
6315100
6303013
6229077
6059929
6054846
6040063
6014542
6009107
6007724
5995442
5995256
5988179
5987857
5981778
5975980
5974402
5964962
5964768
5963761
5960703
5960134
5956935
5954312
5943272
5942705
5941016
5915910
5907985
5905818
5899176
5887585
5878713
5874777
5871476
5858348
5825083
5758173
5750032
5747929
5744652
5743931
5732409
5730015
5721156
5715938
5671833
5659507
5640059
5632102
5630177
5606918
5551528
5550904
5542731
5505208
5500206
5499925
5495792
4302907
4300645
4257383
4255240
4255143
4240537
4228316
4166647
4157893
3921387

6303919
5978831
5954878
5936608
5926874
5910137
5750865
5707617
5694299
5533988
4292839
4132955
4019768

6310621
5989973
5978610
5878683
5850983
5847001
5753864
4132998

5933439
5723493
5553865

5938600
5546354

6318908
5897548

5982065

5972868

6290639

5893348

5984394

4020332

6290655

5911486

5845866

