6323367
6315100
5995256
5988179
5981778
5972868
5963761
5943272
5858348
5721156
5659507
5550904
5546354
5533988
5495792
4300645
4257383
4228316
3921387

5974402
5964962
5933439
5911486
4255240

6303013
6007724
5942705
5847001
4255143

5905818
5899176
5753864
5671833

5915910
5878683
4019768

5989973
5505208
4132955

5730015
5551528
4302907

6329616
6009107
5758173

5964768
5732409
5499925

5975980
5878713

5978831
5936608

5960703
5874777

6229077
5926874

5987857
4292839

5954312
5606918

6323499
5750032

5871476
5630177

5747929

5893348

5723493

5941016

6040063

5984394

5632102

6310621

5982065

5954878

5910137

6290655

5640059

5694299

6323472

5825083

4020332

5960134

5743931

5845866

5931126

5750865

6059929

5707617

6290639

5897548

5542731

5938600

6318908

4132998

5850983

5956935

5978610

5715938

6323375

5887585

4240537

6303919

4166647

5744652

5995442

5553865

6054846

4157893

5500206

6014542

5907985

