5858348
5723493

5933439
5893348

6054846
5954312

5845866
5533988

5975980

6323472

5972868

5632102

5551528

5871476

4132955

5943272

5878713

4257383

6229077

5750865

5942705

5659507

4255240

5964768

5758173

5960703

6040063

5744652

5671833

4255143

5995442

5730015

5936608

5915910

5938600

6323499

5750032

5995256

5499925

5721156

5732409

5960134

6303013

5630177

6007724

5825083

5981778

6329616

5911486

4292839

5874777

5743931

4300645

6303919

5500206

5542731

5694299

5897548

5984394

6009107

5910137

5550904

5987857

5974402

5989973

4166647

5905818

5546354

5926874

5954878

6290655

5553865

6059929

5899176

5707617

6323375

5978831

4020332

5956935

5887585

5964962

5606918

6315100

5747929

4132998

4157893

5640059

5505208

5988179

5878683

5978610

6310621

5850983

5847001

4228316

4019768

5753864

5715938

6290639

5982065

6318908

