6323472
6009107
5978610
5964768
5960134
5942705
5910137
5871476
5858348
5758173
5750032
5715938
5630177
5550904
5500206
5495792
4300645
4292839
4255143
4240537
4157893
4132955

6007724
5972868
5960703
5943272
5926874
5825083
5533988
4255240
4019768
3921387

6329616
6323499
6040063
5995442
5989973
5975980
5732409
5730015
5606918
5542731

6229077
6014542
5907985
5744652
5707617
5499925

5995256
5931126
4257383
4228316

6303013
6290655
5847001
4132998

5974402
5941016
5915910
5505208

6059929
5963761
5878713
5671833

5988179
5933439
5551528

6290639
5743931
5694299

5987857
5954878
5905818

6303919
5938600
5897548

5954312
5659507
5632102

5981778
5721156

6323375
4020332

5723493

5893348

5911486

5753864

5874777

5747929

6318908

4302907

4166647

5546354

5984394

5964962

6310621

5750865

5982065

5553865

5936608

5845866

5978831

5878683

5956935

5850983

5887585

6323367

6054846

6315100

5899176

5640059

