6323499
5978610
5910137
5753864

5933439
5915910
5640059

5987857
5964768
5899176

5942705
5659507

5938600
4132955

6054846
5954312

5972868
5694299

5758173
5743931

5995256
5893348

5606918
5499925

5981778
5911486

5707617

5495792

5723493

6290655

6290639

5995442

4132998

5963761

5721156

4292839

5978831

5500206

5941016

6007724

6040063

5956935

6009107

5847001

5825083

5988179

5975980

5878683

5550904

6014542

5943272

5936608

5974402

5747929

5730015

5907985

5926874

5954878

4257383

6323375

6323367

5632102

5878713

6323472

6229077

5553865

5931126

4020332

5551528

5845866

6303919

4302907

6315100

6059929

4255143

5960134

4019768

5960703

5630177

5715938

5905818

3921387

5546354

5989973

6310621

5871476

5750865

5982065

5533988

4157893

5744652

6303013

4300645

5671833

5984394

4255240

5542731

4166647

6329616

4240537

5897548

5732409

5505208

5750032

5964962

5887585

5850983

5858348

6318908

4228316

5874777

