6323499
6323472
6323375
6303013
6229077
6014542
6009107
6007724
5995256
5987857
5984394
5981778
5978610
5972868
5964768
5963761
5960703
5956935
5954312
5942705
5941016
5926874
5910137
5907985
5905818
5878683
5850983
5845866
5753864
5750865
5743931
5707617
5606918
5533988
5500206
4300645
4292839
4257383
4255240
4255143
4166647
4132998
3921387

6315100
6310621
5933439
5893348
5847001
5671833
5632102
5495792

5988179
5978831
5550904
5546354
4157893
4132955

6323367
5747929
5730015
5694299
5551528

6329616
5960134
5887585
5505208

5964962
5911486
5721156

6303919
5758173
4020332

6040063
5975980
5915910

5989973
5858348

5750032
5630177

6054846
5499925

5938600

5723493

5659507

5974402

5954878

5943272

6059929

5936608

5899176

5553865

6290655

5640059

5931126

4302907

5874777

6318908

5715938

5825083

5732409

6290639

5982065

5542731

5897548

4019768

4228316

5744652

5995442

4240537

5878713

5871476

