6323472
6323375
6009107
6007724
5988179
5981778
5975980
5974402
5972868
5954312
5936608
5910137
5878713
5878683
5858348
5845866
5758173
5753864
5732409
5707617
5694299
5659507
5630177
5550904
5533988
4300645
4257383
4132998
4132955

6323499
5989973
5964768
5960134
5931126
5893348
5874777
5750032
5744652
5743931
5715938
4302907
4240537

5978831
5960703
5956935
5942705
5907985
5899176
5897548
5871476
5551528
5505208

6290655
5964962
5911486
4255240

5825083
5750865

6014542
5995256

5984394
5671833

5500206
4157893

5995442
5905818

5730015
4255143

5915910
4166647

5938600
5499925

6229077

5546354

6329616

5640059

4020332

5542731

5747929

6040063

4019768

5847001

6310621

5978610

5887585

5933439

5850983

4292839

5495792

5987857

3921387

6323367

5632102

6054846

5606918

6303013

6315100

5954878

6059929

6303919

5982065

4228316

6318908

