6329616
6323499
6323472
6323375
6323367
6318908
6315100
6310621
6303919
6303013
6290655
6290639
6229077
6059929
6040063
6014542
6009107
6007724
5995442
5995256
5989973
5988179
5987857
5984394
5978831
5978610
5975980
5974402
5972868
5964768
5963761
5960703
5960134
5956935
5954878
5954312
5943272
5942705
5941016
5938600
5936608
5933439
5931126
5926874
5915910
5910137
5905818
5899176
5897548
5893348
5887585
5878713
5878683
5874777
5871476
5858348
5847001
5845866
5825083
5758173
5753864
5750865
5750032
5747929
5744652
5743931
5732409
5730015
5723493
5715938
5707617
5694299
5671833
5659507
5640059
5632102
5630177
5606918
5551528
5550904
5546354
5542731
5533988
5505208
5500206
5499925
5495792
4302907
4300645
4292839
4257383
4255240
4255143
4240537
4228316
4166647
4157893
4132998
4132955
4020332
4019768

5981778
5964962
5911486
5721156

5850983

6054846

5553865

5982065

