6323499
6323472
6323375
6323367
6315100
6303013
6290655
6059929
6054846
6009107
6007724
5989973
5988179
5984394
5982065
5981778
5978831
5975980
5974402
5972868
5964962
5964768
5960703
5960134
5956935
5954312
5942705
5938600
5936608
5933439
5931126
5915910
5911486
5910137
5907985
5899176
5897548
5893348
5878713
5878683
5874777
5871476
5858348
5845866
5825083
5758173
5753864
5750865
5750032
5744652
5743931
5732409
5730015
5715938
5707617
5694299
5671833
5659507
5630177
5606918
5551528
5550904
5542731
5533988
5505208
5500206
5499925
5495792
4302907
4300645
4257383
4255240
4255143
4240537
4228316
4166647
4157893
4132998
4132955
4019768
3921387

6040063
6014542
5995256
5747929

6329616
5640059
5632102

6318908
6303919

5995442
5905818

6229077

5546354

4020332

5847001

5954878

6310621

5978610

5850983

4292839

5887585

5987857

