6329616
6323499
6323472
6323375
6323367
6318908
6303919
6303013
6229077
6040063
6014542
6009107
6007724
5995256
5989973
5987857
5984394
5981778
5978610
5975980
5972868
5964962
5964768
5963761
5960703
5960134
5956935
5954312
5942705
5941016
5938600
5931126
5926874
5915910
5911486
5910137
5907985
5905818
5897548
5887585
5878713
5878683
5874777
5858348
5850983
5845866
5825083
5758173
5753864
5750865
5750032
5747929
5743931
5732409
5730015
5721156
5715938
5707617
5694299
5630177
5606918
5551528
5533988
5505208
5500206
4300645
4292839
4257383
4255240
4255143
4228316
4166647
4132998
4020332
4019768
3921387

6315100
6310621
6059929
5982065
5954878
5936608
5933439
5899176
5893348
5847001
5671833
5632102
5553865
5495792

5988179
5978831
5974402
5659507
5550904
5546354
4157893
4132955

6054846
5499925

6290639

5744652

5542731

5995442

5640059

6290655

5871476

5723493

