6329616
6323499
6323472
6315100
6303919
6303013
6054846
6040063
6009107
6007724
5995256
5989973
5988179
5987857
5981778
5978831
5978610
5972868
5964962
5964768
5960703
5960134
5956935
5954878
5954312
5936608
5933439
5926874
5911486
5910137
5899176
5893348
5887585
5878683
5874777
5871476
5847001
5845866
5825083
5758173
5753864
5750032
5743931
5732409
5730015
5721156
5715938
5694299
5671833
5659507
5632102
5630177
5606918
5551528
5546354
5533988
5505208
5499925
4300645
4292839
4257383
4255240
4255143
4228316
4166647
4157893
4132955
4020332
4019768

6318908
6290639
5995442
5984394
5975980
5943272
5942705
5938600
5915910
5905818
5897548
5858348
5744652
5723493
5550904
5542731
5500206
4132998

6229077

5974402

5750865

5707617

6059929

5878713

6323375

6310621

5850983

5747929

5553865

5982065

6290655

5640059

