6329616
6323499
6323472
6318908
6009107
5987857
5981778
5978610
5964962
5964768
5960703
5960134
5938600
5911486
5910137
5899176
5897548
5887585
5874777
5850983
5845866
5758173
5753864
5750032
5743931
5723493
5707617
5542731
5505208
4255240
4255143
4240537
4132955
4019768

6323375
6315100
6059929
5995256
5988179
5984394
5974402
5943272
5942705
5931126
5905818
5893348
5871476
5721156
5671833
5659507
5546354
5500206
4292839

6054846
5954312
5933439
5915910
5878713
5640059
4302907
4257383

5972868
5956935
5825083
5694299
5606918
5499925
4300645

6040063
6007724
5975980
5907985
5732409
4166647

6290655
6290639

6014542
4132998

6310621

6229077

6323367

5551528

5533988

5715938

4020332

5630177

5553865

5747929

5730015

4228316

5847001

5744652

5995442

5941016

5954878

5632102

5963761

5982065

5989973

