6323367
6315100
6310621
6040063
5995256
5988179
5984394
5982065
5981778
5975980
5974402
5972868
5964962
5963761
5954878
5943272
5933439
5915910
5911486
5905818
5899176
5878713
5878683
5858348
5753864
5721156
5671833
5659507
5632102
5550904
5546354
5533988
5495792
4300645
4257383
4255240
4228316
4019768
3921387

6329616
6054846
6009107
5989973
5987857
5964768
5954312
5941016
5907985
5845866
5758173
5732409
5730015
5606918
5553865
5551528
5505208
5499925
4302907
4292839
4166647
4132955

6318908
6303013
6229077
6007724
5960703
5960134
5956935
5942705
5931126
5926874
5874777
5847001
5825083
5743931
5707617
5694299
4255143
4132998

6323499
6014542
5750032
5723493
5500206
4157893

6323375
5938600
5887585
5542731

6290639
5744652
5715938

6303919
4020332

5978610
5897548

6323472
5995442

5893348
5747929

5978831
5936608

5871476
5630177

5850983

4240537

5750865

5910137

5640059

6290655

6059929

