6329616
6323499
6323472
6323375
6318908
6290655
6290639
6054846
6040063
6009107
5995442
5995256
5988179
5984394
5981778
5978610
5975980
5974402
5972868
5964962
5964768
5963761
5960703
5954878
5954312
5938600
5933439
5926874
5915910
5910137
5907985
5899176
5893348
5887585
5878713
5878683
5874777
5871476
5850983
5847001
5845866
5825083
5758173
5753864
5750865
5743931
5732409
5730015
5723493
5694299
5671833
5659507
5640059
5632102
5630177
5606918
5550904
5533988
5505208
5500206
5499925
4302907
4300645
4292839
4255240
4255143
4240537
4166647
4157893
4132955
4019768

6323367
5982065
5942705
5897548
5744652
4228316

6315100
6229077
6059929
6007724
5858348

6014542
5911486
5721156

5960134
5931126

5987857

4020332

5553865

5989973

5956935

6303013

4132998

5715938

5943272

6310621

4257383

5495792

3921387

